58 81 87 07 31 08 32 15 28 04 56 28 33 09 18 06 76 12 75 08
74 07 33 87 40 25 86 32 04 94 71 70 76 88 74 69 60 02 17 36
01 61 18 19 08 94 02 05 40 83 36 98 16 76 06 24 20 93 36 14
68 76 22 55 22 28 65 60 23 35 46 32 48 07 26 18 22 11 12 11
37 19 38 27 14 40 09 22 54 97 96 02 26 85 83 25 16 96 93 72
49 77 99 02 99 06 09 01 43 05 22 79 87 00 21 70 49 89 40 11
25 05 79 93 97 27 63 97 48 28 29 56 37 90 04 38 99 02 70 79
29 28 08 34 34 01 20 86 95 97 13 50 95 67 16 20 03 96 89 71
60 10 42 11 36 58 93 96 28 50 65 90 21 81 16 31 91 86 26 40
78 89 44 89 49 99 09 95 09 00 87 66 51 12 48 92 36 81 75 67
12 94 06 10 23 68 97 11 70 79 09 75 01 74 81 62 44 11 02 73
85 52 84 38 48 86 47 22 98 88 64 40 86 99 61 11 53 32 95 25
64 60 74 81 54 27 94 35 78 06 79 56 41 58 86 96 98 22 11 65
49 37 79 10 08 99 54 61 53 98 26 99 63 08 37 72 60 79 77 63
64 58 43 75 41 95 05 10 12 32 95 78 17 98 33 22 17 11 25 59
26 36 31 52 32 16 03 11 92 99 96 11 23 70 86 58 58 67 79 63
34 35 32 03 01 24 79 34 83 34 47 74 55 76 52 04 46 86 29 09
61 70 44 61 39 26 03 45 07 39 20 11 60 76 40 01 56 02 82 04
58 89 54 22 65 97 66 60 89 68 65 92 80 87 54 75 96 46 78 42
84 08 03 02 32 03 53 53 49 27 09 69 22 29 16 97 60 68 86 09
